1 1 1 9
1 1 1 10
1 1 1 11
1 1 1 35
1 1 1 44
1 2 1 9
1 2 1 10
1 2 1 11
1 3 1 7
1 3 1 9
1 3 1 11
1 3 1 37
1 3 1 40
1 3 1 42
1 4 1 11
1 4 1 44
1 5 1 42
1 5 1 55
1 6 1 37
1 6 1 39
1 6 1 40
1 6 1 52
1 6 1 55
1 7 1 51
1 7 1 52
1 7 1 55
1 8 1 31
1 8 1 32
1 8 1 39
1 8 1 52
1 8 1 56
1 9 1 37
1 9 1 38
1 9 1 39
1 10 1 36
1 10 1 37
1 10 1 38
1 11 1 35
1 11 1 36
1 11 1 37
1 11 1 42
1 11 1 44
1 12 1 34
1 12 1 35
1 12 1 36
1 12 1 38
1 13 1 34
1 13 1 35
1 14 1 32
1 14 1 33
1 14 1 34
1 14 1 36
1 15 1 31
1 15 1 32
1 15 1 33
1 15 1 36
1 16 1 29
1 16 1 30
1 16 1 31
1 16 1 32
1 16 1 36
1 16 1 41
1 17 1 28
1 17 1 29
1 17 1 30
1 17 1 31
1 18 1 27
1 18 1 28
1 18 1 29
1 18 1 32
1 18 1 36
1 18 1 53
1 19 1 27
1 19 1 28
1 20 1 25
1 20 1 26
1 20 1 27
1 20 1 29
1 20 1 57
1 20 1 60
1 20 1 61
1 21 1 25
1 21 1 26
1 22 1 60
1 22 1 61
1 22 1 64
1 22 1 65
1 23 1 64
1 23 1 65
1 23 1 68
1 23 1 108
1 25 1 60
1 25 1 64
1 25 1 67
1 25 1 108
1 25 1 109
1 25 1 110
1 25 1 111
1 25 1 114
1 26 1 60
1 27 1 60
1 28 1 56
1 29 1 53
1 29 1 56
1 29 1 57
1 30 1 56
1 32 1 36
1 32 1 45
1 32 1 53
1 32 1 56
1 33 1 45
1 33 1 49
1 34 1 44
1 34 1 45
1 34 1 49
1 35 1 42
1 35 1 43
1 35 1 44
1 36 1 41
1 36 1 42
1 36 1 43
1 37 1 41
1 37 1 42
1 44 1 49
1 45 1 49
1 45 1 50
1 45 1 53
1 46 1 50
1 47 1 51
1 48 1 52
1 49 1 53
1 50 1 54
1 51 1 55
1 52 1 56
1 53 1 57
1 54 1 58
1 54 1 61
1 55 1 59
1 56 1 60
1 57 1 61
1 58 1 62
1 59 1 63
1 60 1 64
1 61 1 65
1 62 1 66
1 63 1 67
1 64 1 68
1 64 1 108
1 66 1 118
1 67 1 111
1 67 1 114
1 67 1 115
1 67 1 118
1 68 1 108
1 68 1 114
1 68 1 118
1 69 1 73
1 69 1 74
1 69 1 114
1 69 1 118
1 70 1 74
1 71 1 75
1 71 1 102
1 71 1 103
1 71 1 105
1 72 1 76
1 73 1 77
1 73 1 117
1 73 1 118
1 73 1 121
1 74 1 78
1 74 1 99
1 74 1 102
1 74 1 103
1 74 1 109
1 74 1 117
1 75 1 79
1 75 1 103
1 76 1 80
1 76 1 121
1 77 1 81
1 77 1 117
1 77 1 121
1 78 1 82
1 78 1 83
1 78 1 84
1 78 1 85
1 78 1 88
1 78 1 99
1 78 1 103
1 80 1 121
1 81 1 92
1 81 1 120
1 81 1 124
1 81 1 127
1 82 1 87
1 83 1 87
1 83 1 88
1 83 1 91
1 83 1 92
1 83 1 127
1 83 1 131
1 84 1 88
1 85 1 89
1 85 1 99
1 85 1 100
1 85 1 103
1 86 1 90
1 87 1 91
1 88 1 92
1 88 1 93
1 88 1 99
1 89 1 93
1 89 1 94
1 89 1 95
1 89 1 97
1 89 1 98
1 89 1 99
1 91 1 127
1 91 1 130
1 91 1 131
1 92 1 99
1 92 1 113
1 92 1 116
1 92 1 117
1 92 1 120
1 92 1 130
1 93 1 98
1 93 1 99
1 93 1 102
1 93 1 113
1 94 1 98
1 94 1 101
1 94 1 102
1 96 1 101
1 96 1 125
1 97 1 101
1 97 1 124
1 97 1 125
1 98 1 102
1 99 1 103
1 99 1 113
1 99 1 117
1 100 1 104
1 101 1 105
1 101 1 106
1 101 1 107
1 101 1 122
1 101 1 123
1 101 1 125
1 102 1 107
1 102 1 108
1 102 1 109
1 102 1 113
1 108 1 114
1 109 1 113
1 109 1 114
1 110 1 114
1 111 1 115
1 112 1 116
1 113 1 117
1 114 1 118
1 115 1 119
1 116 1 120
1 116 1 130
1 117 1 121
1 118 1 122
1 119 1 123
1 119 1 126
1 120 1 124
1 120 1 126
1 120 1 127
1 120 1 130
1 126 1 130
1 127 1 131
