1 1 1 17
1 1 1 18
1 1 1 25
1 2 1 16
1 2 1 17
1 2 1 18
1 2 1 19
1 2 1 22
1 3 1 15
1 3 1 16
1 3 1 17
1 3 1 41
1 3 1 45
1 4 1 14
1 4 1 15
1 4 1 16
1 4 1 18
1 5 1 14
1 5 1 15
1 5 1 37
1 5 1 38
1 5 1 41
1 6 1 12
1 6 1 13
1 6 1 14
1 6 1 15
1 6 1 16
1 6 1 27
1 7 1 11
1 7 1 12
1 7 1 13
1 8 1 12
1 8 1 14
1 12 1 30
1 12 1 31
1 13 1 29
1 13 1 30
1 13 1 31
1 13 1 33
1 13 1 34
1 13 1 37
1 14 1 29
1 14 1 30
1 14 1 37
1 15 1 26
1 15 1 27
1 15 1 28
1 15 1 29
1 15 1 31
1 15 1 37
1 15 1 41
1 15 1 44
1 16 1 24
1 16 1 26
1 16 1 27
1 17 1 23
1 17 1 24
1 17 1 25
1 17 1 26
1 18 1 22
1 18 1 23
1 18 1 25
1 19 1 23
1 19 1 25
1 31 1 36
1 31 1 37
1 31 1 40
1 32 1 36
1 33 1 37
1 34 1 38
1 35 1 39
1 36 1 40
1 37 1 41
1 38 1 42
1 39 1 43
1 40 1 44
1 41 1 45
1 42 1 46
1 43 1 47
1 47 1 51
