0.000000 16.000000 0.394389 0.708421
0.000000 17.000000 0.344928 0.581036
0.000000 24.000000 0.407825 0.942564
1.000000 15.000000 0.387604 0.846359
1.000000 16.000000 0.318118 0.586785
1.000000 17.000000 0.303926 0.564868
1.000000 18.000000 0.431278 0.684178
1.000000 21.000000 0.311784 1.000093
2.000000 14.000000 0.392233 0.680731
2.000000 15.000000 0.345331 0.572686
2.000000 16.000000 0.376223 0.471375
2.000000 40.000000 0.366109 0.783825
2.000000 44.000000 0.444800 0.966921
3.000000 13.000000 0.374806 0.831488
3.000000 14.000000 0.313772 0.538150
3.000000 15.000000 0.295293 0.536959
3.000000 17.000000 0.313425 0.729585
4.000000 13.000000 0.340215 0.571157
4.000000 14.000000 0.438803 0.445688
4.000000 36.000000 0.405649 0.769248
4.000000 37.000000 0.409105 0.777690
4.000000 40.000000 0.445884 0.914775
5.000000 11.000000 0.403865 0.859034
5.000000 12.000000 0.350498 0.580793
5.000000 13.000000 0.293862 0.565320
5.000000 14.000000 0.436949 0.636347
5.000000 15.000000 0.279101 0.872427
5.000000 26.000000 0.378861 1.155506
6.000000 10.000000 0.413580 0.615229
6.000000 11.000000 0.347419 0.575232
6.000000 12.000000 0.365776 0.465369
7.000000 11.000000 0.278663 0.591672
7.000000 13.000000 0.387395 0.769588
11.000000 29.000000 0.415920 0.554992
11.000000 30.000000 0.341867 0.528425
12.000000 28.000000 0.344727 0.805242
12.000000 29.000000 0.377852 0.585959
12.000000 30.000000 0.274871 0.478530
12.000000 32.000000 0.380450 0.631553
12.000000 33.000000 0.349648 0.586102
12.000000 36.000000 0.424139 0.653476
13.000000 28.000000 0.371431 0.574138
13.000000 29.000000 0.377322 0.552959
13.000000 36.000000 0.385163 0.640266
14.000000 25.000000 0.379702 0.852424
14.000000 26.000000 0.380934 0.622027
14.000000 27.000000 0.301406 0.478455
14.000000 28.000000 0.426825 0.730532
14.000000 30.000000 0.416269 0.920745
14.000000 36.000000 0.402178 0.726976
14.000000 40.000000 0.403156 0.785326
14.000000 43.000000 0.351532 1.142358
15.000000 23.000000 0.343272 0.681431
15.000000 25.000000 0.323911 0.557303
15.000000 26.000000 0.267134 0.456573
16.000000 22.000000 0.376305 0.831408
16.000000 23.000000 0.369491 0.588033
16.000000 24.000000 0.286207 0.541553
16.000000 25.000000 0.290633 0.511887
17.000000 21.000000 0.323157 0.574341
17.000000 22.000000 0.363125 0.546842
17.000000 24.000000 0.409932 0.593786
18.000000 22.000000 0.303985 0.515417
18.000000 24.000000 0.362845 0.684455
30.000000 35.000000 0.369941 0.662944
30.000000 36.000000 0.389693 0.592770
30.000000 39.000000 0.301290 0.964353
31.000000 35.000000 0.398697 0.720653
32.000000 36.000000 0.321648 0.650766
33.000000 37.000000 0.317160 0.633774
34.000000 38.000000 0.319477 0.642166
35.000000 39.000000 0.326818 0.645069
36.000000 40.000000 0.323198 0.654582
37.000000 41.000000 0.297038 0.638579
38.000000 42.000000 0.311862 0.637010
39.000000 43.000000 0.302102 0.633829
40.000000 44.000000 0.305191 0.630775
41.000000 45.000000 0.308644 0.615334
42.000000 46.000000 0.347993 0.687741
46.000000 50.000000 0.362736 0.608770
